0 1 0 0 10.7380 0.5000
0 1 0 0 10.2190 0.5000
0 1 0 0 11.0320 0.5000
0 1 0 0 10.2240 0.5000
0 1 0 0 9.8100 0.5000
0 1 0 0 11.0520 0.5000
0 1 0 0 11.6700 0.5000
0 1 0 0 10.1180 0.5000
0 1 0 0 10.2200 0.5000
0 1 0 0 10.5340 0.5000
6 1 0 0 8.8860 0.5000
6 1 0 0 8.6710 0.5000
6 1 0 0 8.4550 0.5000
6 1 0 0 8.7850 0.5000
6 1 0 0 8.6650 0.5000
6 1 0 0 9.0750 0.5000
6 1 0 0 8.6740 0.5000
6 1 0 0 8.7770 0.5000
6 1 0 0 8.5590 0.5000
6 1 0 0 8.9670 0.5000
12 1 0 0 11.6390 0.5000
12 1 0 0 11.3420 0.5000
12 1 0 0 10.5320 0.5000
12 1 0 0 11.9590 0.4907
12 1 0 0 10.7230 0.5000
12 1 0 0 12.1590 0.4826
12 1 0 0 10.8230 0.5000
12 1 0 0 10.3970 0.5000
12 1 0 0 13.1830 0.4451
12 1 0 0 10.1000 0.5000
18 1 0 0 8.2520 0.5000
18 1 0 0 8.2590 0.5000
18 1 0 0 8.3570 0.5000
18 1 0 0 8.2520 0.5000
18 1 0 0 8.3630 0.5000
18 1 0 0 10.0090 0.5000
18 1 0 0 8.4640 0.5000
18 1 0 0 8.3670 0.5000
18 1 0 0 9.3960 0.5000
18 1 0 0 8.4680 0.5000
24 1 0 0 10.7670 0.5000
24 1 0 0 10.1490 0.5000
24 1 0 0 9.5450 0.5000
24 1 0 0 10.4810 0.5000
24 1 0 0 12.6600 0.4902
24 1 0 0 10.0500 0.5000
24 1 0 0 10.3600 0.5000
24 1 0 0 10.0670 0.5000
24 1 0 0 9.4520 0.5000
24 1 0 0 9.6270 0.5000
30 1 0 0 10.7990 0.5000
30 1 0 0 10.2960 0.5000
30 1 0 0 11.4070 0.5000
30 1 0 0 9.3690 0.5000
30 1 0 0 10.8030 0.5000
30 1 0 0 9.8700 0.5000
30 1 0 0 10.0750 0.5000
30 1 0 0 9.8710 0.5000
30 1 0 0 10.7950 0.5000
30 1 0 0 11.4080 0.5000
36 1 0 0 8.3510 0.5000
36 1 0 0 8.2560 0.5000
36 1 0 0 7.9470 0.5000
36 1 0 0 8.1360 0.5000
36 1 0 0 8.1350 0.5000
36 1 0 0 8.2420 0.5000
36 1 0 0 7.9550 0.5000
36 1 0 0 7.9410 0.5000
36 1 0 0 8.0360 0.5000
36 1 0 0 8.1480 0.5000
42 1 0 0 7.9390 0.5000
42 1 0 0 7.9410 0.5000
42 1 0 0 7.8330 0.5000
42 1 0 0 8.7590 0.5000
42 1 0 0 8.2520 0.5000
42 1 0 0 8.7620 0.5000
42 1 0 0 8.0520 0.5000
42 1 0 0 7.8490 0.5000
42 1 0 0 8.3480 0.5000
42 1 0 0 8.0410 0.5000
48 1 0 0 9.2180 0.5000
48 1 0 0 8.9310 0.5000
48 1 0 0 10.3470 0.5000
48 1 0 0 9.1480 0.5000
48 1 0 0 9.3340 0.5000
48 1 0 0 8.8150 0.5000
48 1 0 0 8.9500 0.5000
48 1 0 0 11.1860 0.5000
48 1 0 0 9.4490 0.5000
48 1 0 0 9.5480 0.5000
54 1 0 0 8.0470 0.5000
54 1 0 0 8.0400 0.5000
54 1 0 0 8.1480 0.5000
54 1 0 0 8.2630 0.5000
54 1 0 0 8.1490 0.5000
54 1 0 0 8.1520 0.5000
54 1 0 0 8.0450 0.5000
54 1 0 0 7.9450 0.5000
54 1 0 0 7.9500 0.5000
54 1 0 0 8.3600 0.5000
60 1 0 0 10.0060 0.5000
60 1 0 0 8.8680 0.5000
60 1 0 0 8.6670 0.5000
60 1 0 0 8.7660 0.5000
60 1 0 0 8.9800 0.5000
60 1 0 0 9.0730 0.5000
60 1 0 0 8.7720 0.5000
60 1 0 0 8.5600 0.5000
60 1 0 0 8.8710 0.5000
60 1 0 0 8.7710 0.5000
66 1 0 0 12.1250 0.4402
66 1 0 0 14.1940 0.3760
66 0 1 0 4.4200 0.0000
66 0 1 0 3.8070 0.0000
66 1 0 0 8.4400 0.5000
66 0 1 0 6.6820 0.0000
66 1 0 0 11.9240 0.4476
66 0 0 1 100.0950 0.0000
66 0 1 0 2.9900 0.0000
66 0 1 0 8.6430 0.0000
72 1 0 0 8.1550 0.5000
72 1 0 0 7.8380 0.5000
72 1 0 0 8.1480 0.5000
72 1 0 0 8.0460 0.5000
72 1 0 0 7.9450 0.5000
72 1 0 0 8.1530 0.5000
72 1 0 0 8.1500 0.5000
72 1 0 0 8.2470 0.5000
72 1 0 0 7.9410 0.5000
72 1 0 0 7.9430 0.5000
78 1 0 0 12.4560 0.5000
78 1 0 0 11.7790 0.5000
78 1 0 0 11.5400 0.5000
78 1 0 0 15.7150 0.4150
78 1 0 0 12.3250 0.5000
78 1 0 0 13.1470 0.4961
78 1 0 0 11.3860 0.5000
78 1 0 0 12.0010 0.5000
78 1 0 0 10.5080 0.5000
78 1 0 0 12.0540 0.5000
84 1 0 0 8.1540 0.5000
84 1 0 0 8.3540 0.5000
84 1 0 0 8.2550 0.5000
84 1 0 0 8.0500 0.5000
84 1 0 0 8.3560 0.5000
84 1 0 0 8.6580 0.5000
84 1 0 0 8.2490 0.5000
84 1 0 0 8.2540 0.5000
84 1 0 0 8.0440 0.5000
84 1 0 0 8.2570 0.5000
90 1 0 0 8.6720 0.5000
90 1 0 0 8.3600 0.5000
90 1 0 0 8.3680 0.5000
90 1 0 0 8.5650 0.5000
90 1 0 0 8.2570 0.5000
90 1 0 0 8.1550 0.5000
90 1 0 0 8.2560 0.5000
90 1 0 0 8.2510 0.5000
90 1 0 0 8.4610 0.5000
90 1 0 0 8.1550 0.5000
96 1 0 0 9.0310 0.5000
96 1 0 0 8.7090 0.5000
96 1 0 0 8.6150 0.5000
96 1 0 0 9.0200 0.5000
96 1 0 0 9.1340 0.5000
96 1 0 0 9.3210 0.5000
96 1 0 0 8.9080 0.5000
96 1 0 0 9.5590 0.5000
96 1 0 0 8.9200 0.5000
96 1 0 0 8.8220 0.5000
102 1 0 0 9.1700 0.5000
102 1 0 0 8.7640 0.5000
102 1 0 0 8.7540 0.5000
102 1 0 0 8.8640 0.5000
102 1 0 0 8.8610 0.5000
102 1 0 0 9.1660 0.5000
102 1 0 0 9.3670 0.5000
102 1 0 0 8.6570 0.5000
102 1 0 0 8.7490 0.5000
102 1 0 0 9.1690 0.5000
108 1 0 0 8.3660 0.5000
108 1 0 0 8.3610 0.5000
108 1 0 0 8.3690 0.5000
108 1 0 0 8.3680 0.5000
108 1 0 0 8.3550 0.5000
108 1 0 0 8.5670 0.5000
108 1 0 0 8.3520 0.5000
108 1 0 0 8.1580 0.5000
108 1 0 0 8.3560 0.5000
108 1 0 0 8.3610 0.5000
114 0 1 0 3.9150 0.0000
114 0 1 0 4.5330 0.0000
114 0 1 0 9.1520 0.0000
114 0 1 0 6.2770 0.0000
114 0 1 0 9.6840 0.0000
114 0 1 0 4.4200 0.0000
114 0 1 0 9.8880 0.0000
114 0 0 1 100.0250 0.0000
114 0 1 0 3.9030 0.0000
114 0 1 0 2.8880 0.0000
120 1 0 0 11.1120 0.5000
120 1 0 0 11.2930 0.5000
120 1 0 0 9.6690 0.5000
120 1 0 0 12.3660 0.4629
120 1 0 0 11.2130 0.5000
120 1 0 0 11.5250 0.4967
120 1 0 0 11.4640 0.4993
120 1 0 0 9.9310 0.5000
120 1 0 0 14.5680 0.3929
120 1 0 0 9.8620 0.5000
126 1 0 0 8.9960 0.5000
126 0 1 0 3.4380 0.0000
126 1 0 0 9.3040 0.5000
126 1 0 0 10.6270 0.5000
126 0 1 0 3.0170 0.0000
126 0 1 0 2.8150 0.0000
126 0 1 0 7.8690 0.0000
126 1 0 0 9.7830 0.5000
126 1 0 0 10.2470 0.5000
126 1 0 0 8.9580 0.5000
132 1 0 0 12.6400 0.4297
132 0 1 0 6.1500 0.0000
132 0 1 0 3.7000 0.0000
132 0 0 1 100.0330 0.0000
132 0 1 0 3.8110 0.0000
132 0 1 0 3.3950 0.0000
132 1 0 0 12.2400 0.4438
132 0 1 0 6.5690 0.0000
132 0 1 0 3.5960 0.0000
132 0 1 0 5.0360 0.0000
138 0 0 1 100.0940 0.0000
138 0 1 0 4.2280 0.0000
138 0 0 1 100.0020 0.0000
138 0 0 1 100.0860 0.0000
138 0 0 1 100.0100 0.0000
138 0 0 1 100.0130 0.0000
138 0 1 0 6.6980 0.0000
138 0 0 1 100.0770 0.0000
138 0 1 0 10.6080 0.0000
138 0 0 1 100.0700 0.0000
144 0 1 0 2.4710 0.0000
144 1 0 0 14.1540 0.3883
144 1 0 0 9.2520 0.5000
144 1 0 0 9.9590 0.5000
144 1 0 0 12.4270 0.4422
144 1 0 0 10.7870 0.5000
144 1 0 0 8.9310 0.5000
144 0 1 0 3.3930 0.0000
144 0 1 0 3.6990 0.0000
144 0 0 1 100.0400 0.0000
150 1 0 0 9.3730 0.5000
150 1 0 0 9.7740 0.5000
150 1 0 0 9.8030 0.5000
150 1 0 0 9.6560 0.5000
150 1 0 0 9.1750 0.5000
150 1 0 0 9.9540 0.5000
150 1 0 0 9.5360 0.5000
150 1 0 0 9.2630 0.5000
150 1 0 0 10.0380 0.5000
150 1 0 0 9.8420 0.5000
156 1 0 0 8.5600 0.5000
156 1 0 0 8.3570 0.5000
156 1 0 0 8.3610 0.5000
156 1 0 0 8.2550 0.5000
156 1 0 0 8.7680 0.5000
156 1 0 0 8.3550 0.5000
156 1 0 0 8.3620 0.5000
156 1 0 0 8.3560 0.5000
156 1 0 0 8.5640 0.5000
156 1 0 0 8.6520 0.5000
162 1 0 0 11.7810 0.4600
162 1 0 0 10.1360 0.5000
162 0 1 0 3.7120 0.0000
162 0 1 0 4.0360 0.0000
162 1 0 0 11.1670 0.4853
162 1 0 0 10.4280 0.5000
162 1 0 0 22.6090 0.2397
162 1 0 0 10.3700 0.5000
162 0 1 0 4.5190 0.0000
162 1 0 0 9.7170 0.5000
168 1 0 0 13.7730 0.4246
168 1 0 0 10.4690 0.5000
168 1 0 0 11.1210 0.5000
168 1 0 0 10.5390 0.5000
168 1 0 0 10.9110 0.5000
168 1 0 0 10.3020 0.5000
168 1 0 0 9.7910 0.5000
168 1 0 0 11.7430 0.4980
168 1 0 0 9.8850 0.5000
168 1 0 0 11.3520 0.5000
174 1 0 0 8.6200 0.5000
174 1 0 0 8.5310 0.5000
174 1 0 0 9.0680 0.5000
174 1 0 0 9.5730 0.5000
174 1 0 0 9.3150 0.5000
174 1 0 0 10.2930 0.5000
174 1 0 0 10.2650 0.5000
174 1 0 0 9.3670 0.5000
174 1 0 0 9.6670 0.5000
174 1 0 0 11.2450 0.4756
180 1 0 0 11.7360 0.4839
180 1 0 0 11.1840 0.5000
180 0 1 0 5.8280 0.0000
180 1 0 0 12.1450 0.4676
180 1 0 0 11.2980 0.5000
180 1 0 0 10.6760 0.5000
180 1 0 0 11.9080 0.4769
180 1 0 0 12.4960 0.4545
180 0 0 1 100.0830 0.0000
180 0 1 0 7.9040 0.0000
186 0 0 1 100.0880 0.0000
186 1 0 0 13.1460 0.4515
186 0 1 0 13.7270 0.0000
186 0 0 1 100.0560 0.0000
186 0 0 1 100.0050 0.0000
186 0 1 0 6.9290 0.0000
186 1 0 0 13.2290 0.4487
186 0 1 0 8.0830 0.0000
186 0 1 0 11.8640 0.0000
186 1 0 0 12.3190 0.4818
192 1 0 0 12.0160 0.4624
192 1 0 0 12.7510 0.4357
192 1 0 0 13.8070 0.4024
192 1 0 0 11.4420 0.4856
192 0 1 0 7.7620 0.0000
192 1 0 0 11.9960 0.4632
192 1 0 0 13.6940 0.4057
192 1 0 0 10.9260 0.5000
192 1 0 0 15.6380 0.3553
192 1 0 0 11.6820 0.4756
198 1 0 0 9.8890 0.5000
198 1 0 0 10.1000 0.5000
198 1 0 0 11.2190 0.5000
198 0 0 1 100.0670 0.0000
198 1 0 0 9.7890 0.5000
198 1 0 0 10.7140 0.5000
198 1 0 0 9.6770 0.5000
198 1 0 0 9.7910 0.5000
198 1 0 0 11.1150 0.5000
198 1 0 0 10.5060 0.5000
204 0 1 0 3.3060 0.0000
204 0 1 0 4.8260 0.0000
204 0 1 0 3.3010 0.0000
204 0 1 0 3.1620 0.0000
204 0 1 0 6.0430 0.0000
204 0 1 0 3.9260 0.0000
204 0 1 0 3.2890 0.0000
204 0 1 0 3.5160 0.0000
204 0 1 0 2.9740 0.0000
204 0 1 0 2.7510 0.0000
210 0 1 0 14.7120 0.0000
210 0 1 0 8.7830 0.0000
210 0 0 1 100.0090 0.0000
210 0 0 1 100.0160 0.0000
210 1 0 0 10.0320 0.5000
210 1 0 0 11.8490 0.4451
210 1 0 0 10.4890 0.5000
210 1 0 0 10.5060 0.5000
210 1 0 0 10.7620 0.4901
210 1 0 0 10.8520 0.4860
216 1 0 0 10.0660 0.5000
216 0 1 0 6.4870 0.0000
216 1 0 0 10.3590 0.5000
216 1 0 0 13.9140 0.4020
216 1 0 0 11.3690 0.4919
216 1 0 0 10.0410 0.5000
216 1 0 0 10.8630 0.5000
216 1 0 0 11.1910 0.4998
216 1 0 0 10.4610 0.5000
216 1 0 0 11.9700 0.4672
222 0 1 0 4.2530 0.0000
222 0 1 0 7.3490 0.0000
222 0 1 0 7.3980 0.0000
222 0 1 0 8.3130 0.0000
222 0 1 0 8.7970 0.0000
222 0 1 0 6.6480 0.0000
222 0 1 0 5.8070 0.0000
222 0 1 0 6.9620 0.0000
222 0 1 0 7.5860 0.0000
222 0 1 0 4.2910 0.0000
228 0 1 0 6.4480 0.0000
228 1 0 0 17.2420 0.3641
228 0 1 0 10.4530 0.0000
228 1 0 0 14.1650 0.4432
228 1 0 0 15.1980 0.4130
228 0 0 1 100.0090 0.0000
228 0 0 1 100.0330 0.0000
228 1 0 0 16.1910 0.3877
228 0 0 1 100.0180 0.0000
228 0 0 1 100.0140 0.0000
234 1 0 0 9.5210 0.5000
234 1 0 0 9.0090 0.5000
234 0 1 0 5.4500 0.0000
234 1 0 0 9.6720 0.5000
234 0 1 0 4.6630 0.0000
234 0 1 0 9.2770 0.0000
234 0 1 0 10.1780 0.0000
234 0 1 0 4.8350 0.0000
234 1 0 0 8.8470 0.5000
234 1 0 0 9.6970 0.5000
240 1 0 0 14.4250 0.4431
240 1 0 0 13.6180 0.4694
240 1 0 0 13.5010 0.4735
240 1 0 0 13.8090 0.4629
240 1 0 0 11.9690 0.5000
240 1 0 0 12.2840 0.5000
240 0 1 0 7.0130 0.0000
240 0 1 0 4.8540 0.0000
240 1 0 0 14.3370 0.4459
240 1 0 0 17.6170 0.3629
246 0 1 0 3.3860 0.0000
246 1 0 0 11.2960 0.4834
246 0 1 0 10.2760 0.0000
246 1 0 0 12.3240 0.4431
246 0 1 0 4.5370 0.0000
246 1 0 0 12.4680 0.4380
246 1 0 0 13.3740 0.4083
246 0 1 0 5.7480 0.0000
246 1 0 0 12.6550 0.4315
246 0 1 0 7.1900 0.0000
252 0 1 0 7.3240 0.0000
252 0 1 0 8.5570 0.0000
252 0 1 0 9.4880 0.0000
252 0 0 1 100.0680 0.0000
252 1 0 0 22.3770 0.2298
252 0 1 0 4.1340 0.0000
252 0 1 0 3.9280 0.0000
252 1 0 0 13.3950 0.3838
252 0 1 0 5.4760 0.0000
252 0 1 0 5.0570 0.0000
258 1 0 0 11.9510 0.5000
258 1 0 0 16.5570 0.4093
258 1 0 0 10.9010 0.5000
258 1 0 0 12.0360 0.5000
258 1 0 0 10.8000 0.5000
258 1 0 0 11.4240 0.5000
258 1 0 0 12.2550 0.5000
258 1 0 0 10.8900 0.5000
258 1 0 0 11.1970 0.5000
258 0 1 0 5.2520 0.0000
264 0 1 0 4.5160 0.0000
264 1 0 0 16.3270 0.3658
264 0 1 0 4.2410 0.0000
264 0 1 0 4.2180 0.0000
264 1 0 0 13.7400 0.4347
264 0 1 0 4.5340 0.0000
264 0 1 0 6.3510 0.0000
264 0 1 0 6.2470 0.0000
264 0 1 0 7.4630 0.0000
264 0 1 0 6.8560 0.0000
270 0 0 1 100.0050 0.0000
270 1 0 0 8.6630 0.5000
270 0 1 0 3.7190 0.0000
270 0 1 0 3.9270 0.0000
270 1 0 0 8.8670 0.5000
270 0 1 0 7.1150 0.0000
270 1 0 0 9.0760 0.5000
270 0 1 0 3.2040 0.0000
270 0 1 0 4.6450 0.0000
270 0 0 1 100.0780 0.0000
276 0 1 0 6.1970 0.0000
276 0 1 0 9.2540 0.0000
276 0 1 0 5.5430 0.0000
276 1 0 0 11.6770 0.5000
276 0 1 0 7.6910 0.0000
276 1 0 0 15.4540 0.4076
276 0 1 0 3.9340 0.0000
276 0 1 0 4.4330 0.0000
276 0 1 0 7.4300 0.0000
276 1 0 0 16.3270 0.3858
282 0 0 1 100.0500 0.0000
282 0 1 0 7.5730 0.0000
282 0 0 1 100.0940 0.0000
282 0 1 0 16.7960 0.0000
282 1 0 0 14.6740 0.4161
282 0 1 0 16.4440 0.0000
282 0 0 1 100.0160 0.0000
282 1 0 0 16.4190 0.3719
282 0 1 0 7.0850 0.0000
282 0 1 0 5.2240 0.0000
288 1 0 0 16.5910 0.3763
288 0 1 0 6.7980 0.0000
288 1 0 0 49.2060 0.1269
288 1 0 0 12.7740 0.4887
288 1 0 0 12.6650 0.4929
288 0 1 0 3.9220 0.0000
288 0 0 1 100.0360 0.0000
288 1 0 0 12.5590 0.4971
288 0 1 0 4.0250 0.0000
288 0 1 0 3.7110 0.0000
294 1 0 0 26.8940 0.2181
294 0 1 0 3.3940 0.0000
294 1 0 0 26.0560 0.2251
294 1 0 0 15.4060 0.3807
294 0 1 0 10.7970 0.0000
294 0 1 0 7.7880 0.0000
294 1 0 0 30.8190 0.1903
294 0 1 0 3.2980 0.0000
294 1 0 0 13.0530 0.4494
294 1 0 0 31.5570 0.1859
