0 1 0 0 10.1050 0.5000
0 1 0 0 11.9690 0.5000
0 1 0 0 10.6220 0.5000
0 1 0 0 10.2200 0.5000
0 1 0 0 9.7860 0.5000
0 1 0 0 10.3230 0.5000
0 1 0 0 10.1140 0.5000
0 1 0 0 11.8460 0.5000
6 1 0 0 8.3660 0.5000
6 1 0 0 8.2620 0.5000
6 1 0 0 8.2720 0.5000
6 1 0 0 8.4600 0.5000
6 1 0 0 8.1470 0.5000
6 1 0 0 8.1690 0.5000
6 1 0 0 8.3470 0.5000
6 1 0 0 8.4610 0.5000
6 1 0 0 8.7670 0.5000
6 1 0 0 8.5640 0.5000
12 1 0 0 11.3320 0.5000
12 1 0 0 11.4390 0.5000
12 1 0 0 11.2430 0.5000
12 1 0 0 11.8470 0.4953
12 1 0 0 11.0280 0.5000
12 0 1 0 5.5760 0.0000
12 1 0 0 10.7170 0.5000
12 1 0 0 11.2560 0.5000
12 1 0 0 9.9930 0.5000
12 1 0 0 12.8730 0.4558
18 1 0 0 8.0520 0.5000
18 1 0 0 8.2620 0.5000
18 1 0 0 8.1580 0.5000
18 1 0 0 8.2530 0.5000
18 1 0 0 8.8750 0.5000
18 1 0 0 8.1520 0.5000
18 1 0 0 8.2570 0.5000
18 1 0 0 8.2550 0.5000
18 1 0 0 8.0460 0.5000
18 1 0 0 8.1500 0.5000
24 1 0 0 12.3160 0.5000
24 1 0 0 9.5450 0.5000
24 1 0 0 11.8070 0.5000
24 1 0 0 11.4030 0.5000
24 1 0 0 9.6540 0.5000
24 1 0 0 12.3240 0.5000
24 1 0 0 12.8120 0.4843
24 0 0 1 100.0970 0.0000
24 1 0 0 10.8710 0.5000
24 0 1 0 7.8880 0.0000
30 1 0 0 10.5910 0.5000
30 1 0 0 10.0930 0.5000
30 1 0 0 10.8040 0.5000
30 1 0 0 9.4700 0.5000
30 1 0 0 9.8890 0.5000
30 1 0 0 9.9950 0.5000
30 1 0 0 9.7850 0.5000
30 1 0 0 11.3200 0.5000
30 1 0 0 9.9040 0.5000
30 1 0 0 9.9780 0.5000
36 1 0 0 8.0460 0.5000
36 1 0 0 8.2540 0.5000
36 1 0 0 8.0400 0.5000
36 1 0 0 8.1560 0.5000
36 1 0 0 7.8350 0.5000
36 1 0 0 8.1490 0.5000
36 1 0 0 8.2570 0.5000
36 1 0 0 8.1540 0.5000
36 1 0 0 8.0550 0.5000
36 1 0 0 7.9450 0.5000
42 1 0 0 8.0480 0.5000
42 1 0 0 8.0470 0.5000
42 1 0 0 7.9470 0.5000
42 1 0 0 7.8400 0.5000
42 1 0 0 8.1560 0.5000
42 1 0 0 8.0510 0.5000
42 1 0 0 8.7760 0.5000
42 1 0 0 8.4560 0.5000
42 1 0 0 7.8340 0.5000
42 1 0 0 8.3560 0.5000
48 1 0 0 8.7190 0.5000
48 1 0 0 8.6130 0.5000
48 1 0 0 8.5290 0.5000
48 1 0 0 9.3250 0.5000
48 1 0 0 9.6400 0.5000
48 1 0 0 8.9220 0.5000
48 1 0 0 8.8330 0.5000
48 1 0 0 11.6290 0.4833
48 1 0 0 8.7300 0.5000
48 1 0 0 8.7200 0.5000
54 1 0 0 8.0510 0.5000
54 1 0 0 7.9390 0.5000
54 1 0 0 7.8410 0.5000
54 1 0 0 8.0440 0.5000
54 1 0 0 8.0500 0.5000
54 1 0 0 8.0550 0.5000
54 1 0 0 8.1610 0.5000
54 1 0 0 8.0480 0.5000
54 1 0 0 8.0580 0.5000
54 1 0 0 8.0490 0.5000
60 1 0 0 9.3830 0.5000
60 1 0 0 8.8730 0.5000
60 1 0 0 10.0060 0.5000
60 1 0 0 10.8260 0.5000
60 1 0 0 9.0810 0.5000
60 1 0 0 9.2860 0.5000
60 1 0 0 8.6630 0.5000
60 1 0 0 9.9060 0.5000
60 1 0 0 8.5660 0.5000
60 1 0 0 8.9780 0.5000
66 1 0 0 8.4410 0.5000
66 1 0 0 9.3810 0.5000
66 1 0 0 8.7520 0.5000
66 1 0 0 9.2660 0.5000
66 1 0 0 10.5010 0.5000
66 1 0 0 11.1080 0.4805
66 1 0 0 10.2950 0.5000
66 1 0 0 10.0880 0.5000
66 1 0 0 8.2430 0.5000
66 1 0 0 10.7090 0.4984
72 1 0 0 7.8370 0.5000
72 1 0 0 8.3520 0.5000
72 1 0 0 8.0430 0.5000
72 1 0 0 8.1490 0.5000
72 1 0 0 8.0440 0.5000
72 1 0 0 7.9400 0.5000
72 1 0 0 7.9460 0.5000
72 1 0 0 8.0490 0.5000
72 1 0 0 7.8370 0.5000
72 1 0 0 8.0480 0.5000
78 1 0 0 12.0040 0.5000
78 1 0 0 10.3060 0.5000
78 1 0 0 12.4020 0.5000
78 1 0 0 9.9800 0.5000
78 1 0 0 9.5600 0.5000
78 1 0 0 10.3230 0.5000
78 1 0 0 11.1000 0.5000
78 1 0 0 12.9180 0.5000
78 1 0 0 11.6030 0.5000
78 1 0 0 12.0470 0.5000
84 1 0 0 8.0400 0.5000
84 1 0 0 7.8250 0.5000
84 1 0 0 8.4590 0.5000
84 1 0 0 8.2490 0.5000
84 1 0 0 8.0380 0.5000
84 1 0 0 8.2560 0.5000
84 1 0 0 7.8390 0.5000
84 1 0 0 8.1460 0.5000
84 1 0 0 8.0460 0.5000
84 1 0 0 7.9300 0.5000
90 1 0 0 8.2570 0.5000
90 1 0 0 8.4680 0.5000
90 1 0 0 8.1520 0.5000
90 1 0 0 8.3600 0.5000
90 1 0 0 8.1500 0.5000
90 1 0 0 8.6650 0.5000
90 1 0 0 8.3650 0.5000
90 1 0 0 8.2500 0.5000
90 1 0 0 8.3560 0.5000
90 1 0 0 8.2570 0.5000
96 1 0 0 8.7140 0.5000
96 1 0 0 8.6040 0.5000
96 1 0 0 8.7220 0.5000
96 1 0 0 8.7440 0.5000
96 1 0 0 9.1280 0.5000
96 1 0 0 8.9340 0.5000
96 1 0 0 8.6170 0.5000
96 1 0 0 8.7160 0.5000
96 1 0 0 8.8160 0.5000
96 1 0 0 8.8150 0.5000
102 1 0 0 9.3670 0.5000
102 1 0 0 9.0720 0.5000
102 1 0 0 10.2000 0.5000
102 1 0 0 9.1700 0.5000
102 1 0 0 9.4740 0.5000
102 1 0 0 9.0760 0.5000
102 1 0 0 9.5800 0.5000
102 1 0 0 9.3790 0.5000
102 1 0 0 9.6860 0.5000
102 1 0 0 9.0710 0.5000
108 1 0 0 8.4660 0.5000
108 1 0 0 8.2470 0.5000
108 1 0 0 8.4540 0.5000
108 1 0 0 8.1510 0.5000
108 1 0 0 8.5640 0.5000
108 1 0 0 8.2600 0.5000
108 1 0 0 8.3530 0.5000
108 1 0 0 8.3600 0.5000
108 1 0 0 8.2530 0.5000
108 1 0 0 8.2550 0.5000
114 0 1 0 5.0470 0.0000
114 1 0 0 9.5840 0.5000
114 1 0 0 12.3530 0.5000
114 0 1 0 5.3540 0.0000
114 1 0 0 11.4220 0.5000
114 0 1 0 3.7080 0.0000
114 0 1 0 6.2820 0.0000
114 1 0 0 13.1760 0.4730
114 1 0 0 11.9470 0.5000
114 1 0 0 9.8840 0.5000
120 0 1 0 5.3080 0.0000
120 1 0 0 13.1090 0.4367
120 1 0 0 14.1430 0.4047
120 1 0 0 13.7190 0.4172
120 1 0 0 13.4840 0.4245
120 1 0 0 14.5820 0.3926
120 1 0 0 10.4690 0.5000
120 1 0 0 14.7810 0.3873
120 1 0 0 14.8060 0.3866
120 1 0 0 13.3760 0.4279
126 1 0 0 9.3520 0.5000
126 1 0 0 9.0210 0.5000
126 1 0 0 8.5360 0.5000
126 1 0 0 11.2860 0.4888
126 1 0 0 8.9910 0.5000
126 1 0 0 8.8910 0.5000
126 0 1 0 3.2360 0.0000
126 0 1 0 6.1610 0.0000
126 0 1 0 5.2650 0.0000
126 1 0 0 12.8610 0.4290
132 0 1 0 3.6130 0.0000
132 1 0 0 11.5070 0.4720
132 1 0 0 11.5990 0.4683
132 1 0 0 11.5090 0.4720
132 1 0 0 13.9730 0.3887
132 0 1 0 3.5010 0.0000
132 1 0 0 12.0120 0.4522
132 1 0 0 12.4350 0.4368
132 1 0 0 12.0290 0.4516
132 0 1 0 6.0430 0.0000
138 0 0 1 100.0560 0.0000
138 0 0 1 100.0810 0.0000
138 0 0 1 100.0710 0.0000
138 0 0 1 100.0720 0.0000
138 0 0 1 100.0770 0.0000
138 0 0 1 100.0740 0.0000
138 0 0 1 100.0460 0.0000
138 0 1 0 8.3460 0.0000
138 0 0 1 100.0360 0.0000
138 0 0 1 100.0370 0.0000
144 0 1 0 4.9120 0.0000
144 0 0 1 100.0870 0.0000
144 0 0 1 100.0080 0.0000
144 1 0 0 12.6310 0.4351
144 0 1 0 5.0330 0.0000
144 1 0 0 12.5140 0.4391
144 1 0 0 13.4220 0.4094
144 1 0 0 11.4010 0.4820
144 0 1 0 4.6270 0.0000
144 1 0 0 10.5810 0.5000
150 1 0 0 11.4930 0.4742
150 1 0 0 9.6660 0.5000
150 1 0 0 9.4490 0.5000
150 1 0 0 9.5630 0.5000
150 1 0 0 10.2580 0.5000
150 1 0 0 10.6670 0.5000
150 1 0 0 11.4980 0.4739
150 1 0 0 9.9480 0.5000
150 1 0 0 9.2730 0.5000
150 1 0 0 9.1460 0.5000
156 1 0 0 8.5630 0.5000
156 1 0 0 8.5610 0.5000
156 1 0 0 8.5600 0.5000
156 1 0 0 8.2470 0.5000
156 1 0 0 8.4600 0.5000
156 1 0 0 8.4570 0.5000
156 1 0 0 8.4380 0.5000
156 1 0 0 8.4560 0.5000
156 1 0 0 8.5590 0.5000
156 1 0 0 8.2560 0.5000
162 1 0 0 10.3800 0.5000
162 1 0 0 10.2110 0.5000
162 1 0 0 12.7300 0.4257
162 1 0 0 12.3860 0.4376
162 1 0 0 9.5780 0.5000
162 1 0 0 10.3230 0.5000
162 1 0 0 11.0070 0.4924
162 1 0 0 10.8880 0.4978
162 1 0 0 9.3720 0.5000
162 0 1 0 4.9040 0.0000
168 1 0 0 9.3270 0.5000
168 1 0 0 9.4220 0.5000
168 1 0 0 9.6830 0.5000
168 1 0 0 9.4970 0.5000
168 1 0 0 9.2820 0.5000
168 1 0 0 9.9190 0.5000
168 1 0 0 10.0730 0.5000
168 1 0 0 9.3760 0.5000
168 1 0 0 9.9460 0.5000
168 1 0 0 9.7510 0.5000
174 1 0 0 9.2040 0.5000
174 1 0 0 9.0960 0.5000
174 1 0 0 8.8410 0.5000
174 1 0 0 9.4540 0.5000
174 1 0 0 8.7290 0.5000
174 1 0 0 9.2250 0.5000
174 1 0 0 10.2680 0.5000
174 1 0 0 9.6390 0.5000
174 1 0 0 9.3240 0.5000
174 1 0 0 8.9890 0.5000
180 1 0 0 11.0000 0.5000
180 0 1 0 6.1520 0.0000
180 1 0 0 10.0230 0.5000
180 1 0 0 11.5020 0.4937
180 0 1 0 7.2920 0.0000
180 1 0 0 11.6100 0.4892
180 1 0 0 11.1710 0.5000
180 0 1 0 6.7920 0.0000
180 1 0 0 11.0280 0.5000
180 1 0 0 11.6000 0.4896
186 0 1 0 7.9720 0.0000
186 0 1 0 8.2310 0.0000
186 1 0 0 11.4000 0.5000
186 1 0 0 10.4550 0.5000
186 0 1 0 7.7970 0.0000
186 0 1 0 7.4750 0.0000
186 1 0 0 13.2270 0.4487
186 1 0 0 13.1290 0.4521
186 1 0 0 12.8210 0.4629
186 1 0 0 12.5080 0.4745
192 1 0 0 51.1080 0.1250
192 1 0 0 12.4050 0.4479
192 1 0 0 12.5170 0.4439
192 1 0 0 10.7120 0.5000
192 0 1 0 7.3910 0.0000
192 1 0 0 12.4550 0.4461
192 0 1 0 8.0230 0.0000
192 1 0 0 13.3730 0.4155
192 1 0 0 11.2710 0.4930
192 0 0 1 100.0280 0.0000
198 1 0 0 9.7880 0.5000
198 1 0 0 10.2000 0.5000
198 1 0 0 10.8230 0.5000
198 1 0 0 9.1660 0.5000
198 1 0 0 10.5050 0.5000
198 1 0 0 9.1670 0.5000
198 1 0 0 8.7610 0.5000
198 1 0 0 9.1740 0.5000
198 1 0 0 11.4410 0.4940
198 1 0 0 8.8690 0.5000
204 0 1 0 2.5520 0.0000
204 0 1 0 5.0780 0.0000
204 0 1 0 4.7400 0.0000
204 0 1 0 5.4590 0.0000
204 0 1 0 3.2340 0.0000
204 0 1 0 10.0080 0.0000
204 0 1 0 4.2930 0.0000
204 0 1 0 3.5330 0.0000
204 0 1 0 4.8590 0.0000
204 0 1 0 4.0550 0.0000
210 1 0 0 13.6870 0.3854
210 1 0 0 11.6960 0.4510
210 1 0 0 13.4130 0.3932
210 1 0 0 9.9170 0.5000
210 1 0 0 9.8690 0.5000
210 0 1 0 6.2220 0.0000
210 1 0 0 9.8140 0.5000
210 1 0 0 10.6950 0.4932
210 1 0 0 16.2510 0.3246
210 1 0 0 17.2020 0.3066
216 1 0 0 9.7660 0.5000
216 1 0 0 10.5530 0.5000
216 1 0 0 11.0550 0.5000
216 1 0 0 11.6860 0.4786
216 1 0 0 9.8470 0.5000
216 1 0 0 9.8320 0.5000
216 1 0 0 9.6140 0.5000
216 1 0 0 9.1150 0.5000
216 1 0 0 9.8450 0.5000
216 1 0 0 10.4700 0.5000
222 0 1 0 6.2020 0.0000
222 1 0 0 46.0710 0.1250
222 0 1 0 7.1620 0.0000
222 1 0 0 19.9300 0.2776
222 0 1 0 5.8180 0.0000
222 1 0 0 22.2230 0.2490
222 0 1 0 6.7460 0.0000
222 0 1 0 6.2490 0.0000
222 0 0 1 100.1030 0.0000
222 0 1 0 5.7660 0.0000
228 0 0 1 100.0890 0.0000
228 1 0 0 14.8080 0.4239
228 1 0 0 14.3910 0.4362
228 0 0 1 100.0390 0.0000
228 0 0 1 100.0790 0.0000
228 1 0 0 13.0800 0.4799
228 1 0 0 13.7580 0.4563
228 0 0 1 100.0010 0.0000
228 1 0 0 14.0820 0.4458
228 0 0 1 100.0630 0.0000
234 1 0 0 12.9330 0.4156
234 1 0 0 9.9450 0.5000
234 1 0 0 10.4970 0.5000
234 0 1 0 5.9850 0.0000
234 1 0 0 8.7560 0.5000
234 0 1 0 4.9510 0.0000
234 1 0 0 9.3020 0.5000
234 1 0 0 11.6540 0.4612
234 1 0 0 9.9990 0.5000
234 1 0 0 11.6390 0.4618
240 0 1 0 11.9550 0.0000
240 1 0 0 13.1020 0.4879
240 1 0 0 10.2150 0.5000
240 1 0 0 16.5720 0.3857
240 0 1 0 3.1020 0.0000
240 1 0 0 12.8770 0.4964
240 0 1 0 4.5450 0.0000
240 0 0 1 100.0300 0.0000
240 1 0 0 11.3360 0.5000
240 0 1 0 2.8990 0.0000
246 0 1 0 4.9260 0.0000
246 1 0 0 12.9580 0.4214
246 1 0 0 10.6960 0.5000
246 0 1 0 7.8210 0.0000
246 1 0 0 11.7450 0.4649
246 1 0 0 10.7980 0.5000
246 0 1 0 7.0890 0.0000
246 1 0 0 11.4020 0.4789
246 1 0 0 13.5700 0.4024
246 0 1 0 7.4080 0.0000
252 0 1 0 4.9630 0.0000
252 0 0 1 100.0820 0.0000
252 1 0 0 14.4260 0.3564
252 0 1 0 8.9720 0.0000
252 0 0 1 100.0950 0.0000
252 1 0 0 20.4100 0.2519
252 0 0 1 100.0300 0.0000
252 0 1 0 86.6970 0.0000
252 0 1 0 17.3080 0.0000
252 1 0 0 24.9300 0.2062
258 0 0 1 100.0770 0.0000
258 0 1 0 4.4280 0.0000
258 1 0 0 12.5530 0.5000
258 0 0 1 100.0600 0.0000
258 1 0 0 11.9310 0.5000
258 1 0 0 13.5600 0.4998
258 0 0 1 100.0290 0.0000
258 1 0 0 12.8560 0.5000
258 0 0 1 100.0070 0.0000
258 1 0 0 11.9370 0.5000
264 0 1 0 7.7890 0.0000
264 0 1 0 4.4020 0.0000
264 0 1 0 10.3390 0.0000
264 0 1 0 6.8870 0.0000
264 0 1 0 4.3130 0.0000
264 0 1 0 8.4300 0.0000
264 0 1 0 4.1110 0.0000
264 1 0 0 15.0760 0.3962
264 0 1 0 5.9380 0.0000
264 0 1 0 6.5550 0.0000
270 1 0 0 8.4550 0.5000
270 0 0 1 100.0200 0.0000
270 0 1 0 3.5130 0.0000
270 0 1 0 5.1590 0.0000
270 0 0 1 100.0620 0.0000
270 0 1 0 8.8750 0.0000
270 0 0 1 100.0040 0.0000
270 0 1 0 3.3060 0.0000
270 1 0 0 8.6700 0.5000
270 1 0 0 8.7740 0.5000
276 0 1 0 15.7490 0.0000
276 0 1 0 7.2690 0.0000
276 1 0 0 12.3250 0.5000
276 1 0 0 19.4390 0.3241
276 0 1 0 5.2340 0.0000
276 0 1 0 8.9760 0.0000
276 0 1 0 12.6260 0.0000
276 1 0 0 12.8940 0.4886
276 1 0 0 12.3450 0.5000
276 0 1 0 6.2890 0.0000
282 0 1 0 5.0240 0.0000
282 0 0 1 100.0240 0.0000
282 1 0 0 12.9380 0.4720
282 0 1 0 8.8110 0.0000
282 0 1 0 7.8050 0.0000
282 0 0 1 100.0180 0.0000
282 0 0 1 100.0810 0.0000
282 0 1 0 6.6540 0.0000
282 0 1 0 4.8010 0.0000
282 0 0 1 100.0140 0.0000
288 0 1 0 4.8430 0.0000
288 0 1 0 4.0270 0.0000
288 0 1 0 17.2880 0.0000
288 0 1 0 4.0240 0.0000
288 1 0 0 36.5350 0.1709
288 0 1 0 8.1360 0.0000
288 1 0 0 18.8320 0.3315
288 1 0 0 17.9210 0.3484
288 1 0 0 13.9130 0.4487
288 1 0 0 16.5820 0.3765
294 0 0 1 100.0070 0.0000
294 0 1 0 7.2950 0.0000
294 0 0 1 100.0100 0.0000
294 0 0 1 100.0290 0.0000
294 0 1 0 28.5690 0.0000
294 0 0 1 100.0790 0.0000
294 0 1 0 6.0720 0.0000
294 0 0 1 100.0670 0.0000
294 0 1 0 7.4880 0.0000
294 1 0 0 15.6170 0.3756
138 0 1 0 8.1230 0.0000
138 0 1 0 8.6970 0.0000
138 0 1 0 9.2820 0.0000
138 1 0 0 19.4730 0.3430
255 0 1 0 5.1720 0.0000
255 0 1 0 5.6390 0.0000
255 0 1 0 4.1500 0.0000
255 1 0 0 15.1010 0.3805
255 0 1 0 7.8860 0.0000
255 1 0 0 10.8170 0.5000
255 0 1 0 4.7650 0.0000
255 1 0 0 12.1390 0.4733
255 0 1 0 4.9720 0.0000
255 0 1 0 7.2780 0.0000
255 0 1 0 4.5560 0.0000
255 0 1 0 19.0530 0.0000
255 0 1 0 7.2980 0.0000
255 0 1 0 7.7970 0.0000
255 0 1 0 4.8540 0.0000
255 0 1 0 5.2040 0.0000
255 0 1 0 7.2860 0.0000
255 0 1 0 6.4650 0.0000
255 0 1 0 5.2760 0.0000
255 0 1 0 6.7720 0.0000
255 0 1 0 5.5050 0.0000
255 1 0 0 28.5610 0.2012
138 0 1 0 19.3940 0.0000
138 0 1 0 16.5150 0.0000
0 0 1 0 8.2850 0.0000
0 0 1 0 10.1400 0.0000
